38 0.496875 0.1875 0.04479166666666667 0.07685185185185185
7 0.48723958333333334 0.21342592592592594 0.05572916666666667 0.0824074074074074
115 0.5799479166666667 0.09212962962962963 0.04010416666666667 0.06944444444444445
7 0.6796875 0.2986111111111111 0.06770833333333333 0.10462962962962963
7 0.49140625 0.29305555555555557 0.07239583333333334 0.11388888888888889
8 0.6018229166666667 0.14351851851851852 0.030729166666666665 0.044444444444444446
9 0.6796875 0.2986111111111111 0.06770833333333333 0.10462962962962963
7 0.6018229166666667 0.14351851851851852 0.030729166666666665 0.044444444444444446
38 0.4609375 0.06435185185185185 0.010416666666666666 0.01574074074074074
38 0.6018229166666667 0.08518518518518518 0.015104166666666667 0.03888888888888889
7 0.6359375 0.21435185185185185 0.05625 0.06944444444444445
11 0.48723958333333334 0.21342592592592594 0.05572916666666667 0.0824074074074074
9 0.49140625 0.29305555555555557 0.07239583333333334 0.11388888888888889
107 0.5799479166666667 0.09212962962962963 0.04010416666666667 0.06944444444444445
9 0.6359375 0.21435185185185185 0.05625 0.06944444444444445
38 0.37890625 0.07314814814814814 0.019270833333333334 0.024074074074074074
38 0.37890625 0.07314814814814814 0.019270833333333334 0.024074074074074074
7 0.47682291666666665 0.30833333333333335 0.07864583333333333 0.12407407407407407
7 0.08333333333333333 0.562037037037037 0.16666666666666666 0.21666666666666667
7 0.4713541666666667 0.06666666666666667 0.013541666666666667 0.022222222222222223
9 0.08333333333333333 0.562037037037037 0.16666666666666666 0.21666666666666667
9 0.47682291666666665 0.30833333333333335 0.07864583333333333 0.12407407407407407
7 0.49166666666666664 0.08564814814814815 0.019791666666666666 0.026851851851851852
7 0.50234375 0.17222222222222222 0.0640625 0.11666666666666667
10 0.4713541666666667 0.06666666666666667 0.013541666666666667 0.022222222222222223
11 0.50234375 0.17222222222222222 0.0640625 0.11666666666666667
38 0.38046875 0.0712962962962963 0.018229166666666668 0.025925925925925925
13 0.50234375 0.17222222222222222 0.0640625 0.11666666666666667
13 0.50234375 0.17222222222222222 0.0640625 0.11666666666666667
9 0.38385416666666666 0.19074074074074074 0.058333333333333334 0.06481481481481481
7 0.5010416666666667 0.20879629629629629 0.078125 0.1398148148148148
11 0.43411458333333336 0.05787037037037037 0.0171875 0.032407407407407406
7 0.44192708333333336 0.12129629629629629 0.0296875 0.03518518518518519
9 0.47682291666666665 0.30787037037037035 0.07760416666666667 0.125
9 0.44192708333333336 0.12129629629629629 0.0296875 0.03518518518518519
7 0.12395833333333334 0.28055555555555556 0.15833333333333333 0.11296296296296296
38 0.37916666666666665 0.0712962962962963 0.017708333333333333 0.022222222222222223
11 0.5010416666666667 0.20879629629629629 0.078125 0.1398148148148148
13 0.5010416666666667 0.20879629629629629 0.078125 0.1398148148148148
7 0.43411458333333336 0.05787037037037037 0.0171875 0.032407407407407406
7 0.38385416666666666 0.19074074074074074 0.058333333333333334 0.06481481481481481
7 0.47682291666666665 0.30787037037037035 0.07760416666666667 0.125
9 0.12395833333333334 0.28055555555555556 0.15833333333333333 0.11296296296296296
7 0.46927083333333336 0.053703703703703705 0.019791666666666666 0.037037037037037035
7 0.46927083333333336 0.053703703703703705 0.019791666666666666 0.037037037037037035
7 0.5239583333333333 0.462037037037037 0.140625 0.2111111111111111
38 0.5653645833333333 0.0699074074074074 0.013020833333333334 0.01574074074074074
79 0.6005208333333333 0.056018518518518516 0.020833333333333332 0.04351851851851852
7 0.48802083333333335 0.27314814814814814 0.06666666666666667 0.10740740740740741
9 0.48802083333333335 0.27314814814814814 0.06666666666666667 0.10740740740740741
38 0.37890625 0.07083333333333333 0.019270833333333334 0.023148148148148147
7 0.6122395833333333 0.0962962962962963 0.03802083333333333 0.07037037037037037
9 0.5239583333333333 0.462037037037037 0.140625 0.2111111111111111
38 0.4578125 0.06435185185185185 0.011458333333333333 0.01574074074074074
38 0.4578125 0.06435185185185185 0.011458333333333333 0.01574074074074074
11 0.64921875 0.11296296296296296 0.06197916666666667 0.1111111111111111
10 0.4544270833333333 0.1388888888888889 0.034895833333333334 0.05555555555555555
7 0.8278645833333333 0.6305555555555555 0.2546875 0.2833333333333333
38 0.56015625 0.05787037037037037 0.0109375 0.017592592592592594
7 0.4544270833333333 0.1388888888888889 0.034895833333333334 0.05555555555555555
8 0.8278645833333333 0.6305555555555555 0.2546875 0.2833333333333333
7 0.64921875 0.11296296296296296 0.06197916666666667 0.1111111111111111
38 0.2890625 0.1125 0.013541666666666667 0.023148148148148147
14 0.64921875 0.11296296296296296 0.06197916666666667 0.1111111111111111
11 0.7377604166666667 0.18564814814814815 0.13072916666666667 0.15462962962962962
38 0.37890625 0.07037037037037037 0.019270833333333334 0.022222222222222223
14 0.7377604166666667 0.18564814814814815 0.13072916666666667 0.15462962962962962
7 0.7377604166666667 0.18564814814814815 0.13072916666666667 0.15462962962962962
38 0.44114583333333335 0.050462962962962966 0.011458333333333333 0.01574074074074074
38 0.44114583333333335 0.050462962962962966 0.011458333333333333 0.01574074074074074
7 0.44973958333333336 0.14537037037037037 0.03802083333333333 0.06111111111111111
38 0.37786458333333334 0.0699074074074074 0.019270833333333334 0.023148148148148147
10 0.6846354166666667 0.23055555555555557 0.06197916666666667 0.08703703703703704
7 0.6846354166666667 0.23055555555555557 0.06197916666666667 0.08703703703703704
38 0.440625 0.05277777777777778 0.009375 0.012962962962962963
38 0.04348958333333333 0.5666666666666667 0.08697916666666666 0.2759259259259259
7 0.4940104166666667 0.2490740740740741 0.059895833333333336 0.09444444444444444
13 0.44973958333333336 0.14537037037037037 0.03802083333333333 0.06111111111111111
7 0.56796875 0.0787037037037037 0.015104166666666667 0.024074074074074074
9 0.4940104166666667 0.2490740740740741 0.059895833333333336 0.09444444444444444
11 0.44973958333333336 0.14537037037037037 0.03802083333333333 0.06111111111111111
11 0.44973958333333336 0.14537037037037037 0.03802083333333333 0.06111111111111111
7 0.43255208333333334 0.07824074074074074 0.016145833333333335 0.021296296296296296
11 0.5864583333333333 0.10925925925925926 0.028125 0.06296296296296296
7 0.49505208333333334 0.26342592592592595 0.06302083333333333 0.10092592592592593
7 0.6260416666666667 0.1787037037037037 0.041666666666666664 0.05740740740740741
7 0.7466145833333333 0.21296296296296297 0.0734375 0.07962962962962963
9 0.43255208333333334 0.07824074074074074 0.016145833333333335 0.021296296296296296
12 0.2682291666666667 0.4134259259259259 0.5364583333333334 0.5416666666666666
12 0.5864583333333333 0.10925925925925926 0.028125 0.06296296296296296
9 0.49505208333333334 0.26342592592592595 0.06302083333333333 0.10092592592592593
100 0.7466145833333333 0.21296296296296297 0.0734375 0.07962962962962963
96 0.6260416666666667 0.1787037037037037 0.041666666666666664 0.05740740740740741
7 0.2682291666666667 0.4134259259259259 0.5364583333333334 0.5416666666666666
38 0.26588541666666665 0.11481481481481481 0.024479166666666666 0.024074074074074074
11 0.2682291666666667 0.4134259259259259 0.5364583333333334 0.5416666666666666
7 0.5864583333333333 0.10925925925925926 0.028125 0.06296296296296296
38 0.5640625 0.06851851851851852 0.011458333333333333 0.016666666666666666
38 0.37890625 0.0699074074074074 0.018229166666666668 0.026851851851851852
38 0.37890625 0.0699074074074074 0.018229166666666668 0.026851851851851852
7 0.46197916666666666 0.041666666666666664 0.016666666666666666 0.03888888888888889
7 0.5885416666666666 0.36574074074074076 0.20625 0.2796296296296296
11 0.57578125 0.10601851851851851 0.027604166666666666 0.05277777777777778
38 0.5565104166666667 0.046296296296296294 0.018229166666666668 0.037037037037037035
7 0.6049479166666667 0.07546296296296297 0.027604166666666666 0.06574074074074074
12 0.5885416666666666 0.36574074074074076 0.20625 0.2796296296296296
7 0.45598958333333334 0.055092592592592596 0.019270833333333334 0.04351851851851852
7 0.49166666666666664 0.2657407407407407 0.058333333333333334 0.10185185185185185
7 0.57578125 0.10601851851851851 0.027604166666666666 0.05277777777777778
38 0.378125 0.0699074074074074 0.020833333333333332 0.026851851851851852
12 0.6049479166666667 0.07546296296296297 0.027604166666666666 0.06574074074074074
11 0.46197916666666666 0.041666666666666664 0.016666666666666666 0.03888888888888889
12 0.46197916666666666 0.041666666666666664 0.016666666666666666 0.03888888888888889
7 0.18697916666666667 0.6444444444444445 0.37395833333333334 0.2722222222222222
11 0.5885416666666666 0.36574074074074076 0.20625 0.2796296296296296
9 0.49166666666666664 0.2657407407407407 0.058333333333333334 0.10185185185185185
10 0.06666666666666667 0.29444444444444445 0.13645833333333332 0.12777777777777777
12 0.57578125 0.10601851851851851 0.027604166666666666 0.05277777777777778
11 0.6049479166666667 0.07546296296296297 0.027604166666666666 0.06574074074074074
7 0.624581 0.169803 0.048285 0.073522
38 0.2643229166666667 0.11435185185185186 0.0234375 0.023148148148148147
7 0.06666666666666667 0.29444444444444445 0.13645833333333332 0.12777777777777777
9 0.18697916666666667 0.6444444444444445 0.37395833333333334 0.2722222222222222
9 0.18697916666666667 0.6444444444444445 0.37395833333333334 0.2722222222222222
7 0.22890625 0.5851851851851851 0.3078125 0.23148148148148148
38 0.378125 0.07268518518518519 0.020833333333333332 0.023148148148148147
9 0.22890625 0.5851851851851851 0.3078125 0.23148148148148148
12 0.6020833333333333 0.075 0.027083333333333334 0.05740740740740741
38 0.26510416666666664 0.11481481481481481 0.023958333333333335 0.022222222222222223
7 0.6020833333333333 0.075 0.027083333333333334 0.05740740740740741
11 0.6020833333333333 0.075 0.027083333333333334 0.05740740740740741
38 0.9390625 0.7583333333333333 0.12083333333333333 0.4722222222222222
38 0.9390625 0.7583333333333333 0.12083333333333333 0.4722222222222222
10 0.6661458333333333 0.37407407407407406 0.12916666666666668 0.1685185185185185
7 0.6661458333333333 0.37407407407407406 0.12916666666666668 0.1685185185185185
9 0.49166666666666664 0.3175925925925926 0.07604166666666666 0.12407407407407407
7 0.59921875 0.14351851851851852 0.0359375 0.044444444444444446
7 0.49166666666666664 0.3175925925925926 0.07604166666666666 0.12407407407407407
38 0.26536458333333335 0.11574074074074074 0.0234375 0.027777777777777776
38 0.5658854166666667 0.06712962962962964 0.011979166666666667 0.017592592592592594
7 0.6276041666666666 0.17777777777777778 0.042708333333333334 0.05740740740740741
9 0.6276041666666666 0.17777777777777778 0.042708333333333334 0.05740740740740741
38 0.43307291666666664 0.06898148148148148 0.013020833333333334 0.017592592592592594
38 0.37864583333333335 0.07083333333333333 0.019791666666666666 0.025
9 0.59921875 0.14351851851851852 0.0359375 0.044444444444444446
7 0.6052083333333333 0.07685185185185185 0.026041666666666668 0.05925925925925926
7 0.6052083333333333 0.07685185185185185 0.026041666666666668 0.05925925925925926